#ToF(ns) Energy(keV) alpha        mu          n           sigma       yield
138.994  0069        -4.6972e-01  1.3798e+02  1.4023e+00  3.8609e+00  5.4561e+03 
108.613  0113        -5.3830e-01  1.0806e+02  1.3166e+00  3.0834e+00  5.4520e+03 
93.6478  0152        -3.8221e-01  9.3035e+01  1.4483e+00  2.6467e+00  6.3063e+03 
79.8631  0209        -3.1850e-01  7.9183e+01  1.5302e+00  2.0759e+00  5.8057e+03
66.8823  0298        -4.7502e-01  6.6672e+01  1.3538e+00  1.9708e+00  5.0950e+03 
66.6590  0300        -4.2809e-01  6.6334e+01  1.3304e+00  1.7685e+00  2.6293e+04
54.9794  0441        -4.2894e-01  5.4826e+01  1.3848e+00  1.5502e+00  4.6850e+03 
46.6235  0613        -4.4818e-01  4.6423e+01  1.3591e+00  1.2680e+00  3.7951e+03 
38.3157  0908        -4.9897e-01  3.8206e+01  1.2923e+00  1.0372e+00  3.3071e+03 
36.5106  1000        -5.3255e-01  3.6415e+01  1.2629e+00  1.0029e+00  1.5712e+04 
31.1590  1373        -5.6819e-01  3.1108e+01  1.2545e+00  9.2825e-01  2.8226e+03 
25.2127  2097        -5.7852e-01  2.5183e+01  1.2018e+00  7.0907e-01  2.3222e+03 
16.3280  5000        -7.8392e-01  1.6322e+01  9.9938e-01  4.6226e-01  7.5805e+03 