48.9246
62.7062
88.8099
161.613
78.1
28.187
100.087
130.84
110.126
35.2614
45.0035
46.1432
53.7017
31.1684
26.1079
50.4739
32.544
86.0667
88.0888
149.629
35.98
23.8432
69.8005
23.6406
96.484
51.0665
37.3602
116.24
85.5561
73.1196
40.9388
32.0585
106.197
95.5387
93.399
103.911
32.5289
104.664
24.1339
26.2826
199.909
21.6553
105.016
131.919
119.446
65.7544
28.2054
103.704
47.4719
48.1092
94.2422
21.2674
50.4216
47.7224
51.684
29.5893
112.405
68.0071
71.0171
50.3724
33.9029
68.9702
41.184
57.4409
151.016
62.7065
41.9846
102.592
61.4793
72.2188
44.8802
103.79
55.4589
48.273
65.8744
44.4351
157.104
94.8047
120.397
83.1738
51.096
92.6902
54.042
46.4756
29.9516
38.5614
43.8409
142.688
54.4299
113.322
50.6285
100.513
46.6041
69.9055
76.7106
75.4089
71.8995
73.7925
86.9319
94.064
58.6866
68.083
42.4438
61.4118
59.4849
55.4385
76.2853
71.2692
69.0882
45.1184
33.9658
61.2083
46.5531
118.889
125.456
38.3213
26.7499
56.6811
65.2631
61.9074
107.099
28.7313
38.817
52.0305
99.5362
44.1048
137.685
199.607
72.1929
60.4392
70.3324
77.6305
58.1171
59.9789
148.133
39.4267
28.8912
52.2971
70.7808
54.3399
59.345
42.6357
60.6903
27.8364
168.948
62.8767
45.6279
39.5004
39.9592
48.2097
84.2422
60.8668
75.018
47.5986
54.3599
210.225
56.6884
49.102
48.8086
46.2841
60.8827
24.4865
108.992
129.331
30.3947
122.472
48.4831
82.3134
83.7669
89.6639
43.0453
42.0981
16.6744
51.6598
53.7048
49.6703
151.823
25.0045
104.192
44.1682
48.2489
52.9176
27.3346
136.661
85.907
49.8859
75.3121
84.7841
30.4777
19.4107
23.9174
63.9904
30.7271
53.5144
29.3207
132
23.8452
53.5473
170.209
43.5614
88.5195
50.7759
43.2046
57.458
28.3674
118.256
43.5906
17.5586
83.5574
133.479
145.124
52.1554
136.523
82.8451
59.9671
44.8791
82.7865
47.1874
53.4086
52.4409
73.819
28.7695
25.6324
61.6912
33.0674
104.972
52.0438
35.4305
60.6988
27.0765
25.8495
56.8291
36.0275
29.517
27.1552
69.0553
131.324
34.4479
34.6464
30.7251
55.1686
109.219
111.403
27.3184
36.346
65.631
83.1387
55.6699
63.2246
58.393
188.711
45.7546
58.8586
102.826
109.801
140.918
71.1521
131.368
77.3834
52.7574
122.521
59.4609
189.713
23.5919
41.5185
56.6172
65.1721
130.52
82.2833
93.057
28.0976
90.1467
46.4995
56.3085
31.4388
83.6919
112.244
63.7375
52.5823
72.5879
75.3703
68.7214
63.7363
58.9882
59.0253
43.4652
104.663
23.4353
24.8324
24.0322
46.5429
69.1292
36.8753
60.1877
52.9899
106.268
77.7375
77.0448
37.6116
47.9453
61.3335
55.3119
100.258
39.9102
45.755
50.0919
47.2599
90.9386
60.7055
171.506
203.907
47.6045
29.117
47.169
75.8744
45.9368
87.8426
93.1023
53.1474
51.7158
54.8083
67.1299
76.7254
69.5998
26.924
35.6965
69.4678
36.4873
40.5358
64.2276
25.3076
120.03
35.0807
32.15
98.4899
61.9914
87.4236
64.1597
25.1369
100.587
42.5673
49.3191
66.5596
48.0524
55.4525
73.5495
106.825
47.45
66.6537
45.3942
86.5514
103.787
37.2802
78.9395
109.12
32.244
154.86
53.306
62.6098
31.6927
139.255
43.3566
71.2434
49.8833
158.385
43.2936
36.5634
27.5244
122.601
93.4719
18.1918
41.9728
41.0904
25.5693
87.9583
32.0717
21.0757
66.1952
20.8178
44.584
57.7425
46.3802
54.4219
125.188
18.0459
104.078
78.3564
62.246
50.5827
45.4967
37.8822
42.2207
54.3884
79.764
44.1896
51.8157
63.1178
25.4856
43.2914
37.3072
55.923
55.8675
65.8284
55.4695
43.5208
30.0456
51.1851
107.47
159.323
40.5746
44.5759
67.4909
73.6046
46.402
81.7137
57.1158
112.139
66.9804
51.9186
48.0703
79.5772
56.5399
60.2058
49.1545
48.5959
116.427
19.9278
103.119
94.9626
50.4945
53.0982
93.7129
95.4583
74.8061
21.7888
56.6654
60.0252
46.3553
87.0485
104.865
46.5596
39.4519
71.9171
33.3751
54.0163
55.4228
32.7067
49.5602
60.0751
41.8941
53.4126
31.0034
87.4911
86.3812
69.1954
55.3547
90.1577
61.5158
46.0592
34.2954
72.5158
79.3414
81.8932
167.384
176.249
84.3601
141.451
37.1844
166.974
27.8667
155.313
59.5168
214.632
57.5578
58.3826
48.1739
78.3038
87.0923
71.1763
59.5569
53.0427
61.8475
20.1027
66.3073
57.2655
53.0689
49.3977
93.5772
121.354
56.891
64.9807
214.191
89.8724
54.5188
109.772
115.666
67.8872
56.8976
50.0268
91.0497
35.3683
104.577
55.5584
40.5853
89.1033
53.7682
63.3919
41.0896
49.71
89.0507
22.8427
66.5344
96.3289
97.676
46.0274
26.1553
25.8045
37.5453
53.9133
42.7027
89.3755
100.92
30.4764
65.2781
31.497
82.5937
44.8451
65.5556
44.8784
82.7618
58.149
113.287
61.6761
33.626
54.5289
111.531
17.5156
25.2145
26.3777
70.1346
58.8239
51.5903
54.186
69.6961
46.3924
56.5509
114.425
49.7715
55.0829
53.8533
77.5585
54.8199
102.359
63.6969
38.814
57.6568
146.148
40.7669
108.542
57.334
157.738
63.8206
29.3982
27.0097
45.3299
46.7157
30.5041
101.342
91.0568
55.9808
44.0761
24.8302
33.0942
18.3034
30.8632
45.4493
121.517
126.419
53.6322
28.1371
25.4489
33.2083
16.9765
48.9354
40.6314
23.9237
182.037
64.5501
95.4546
32.335
156.159
126.558
44.3908
55.2263
45.5431
118.357
33.773
38.6154
40.1686
50.2337
61.8418
43.9684
78.3731
71.5841
62.2269
90.8093
115.033
87.2935
30.1453
75.6364
171.566
79.9242
55.784
50.2309
102.616
143.868
25.6774
143.547
50.7111
45.9912
65.4008
49.5757
124.734
24.0831
70.5955
76.3564
32.6791
120.671
81.7439
102.666
113.435
95.4858
49.1191
32.5419
27.6147
22.783
116.741
36.7355
102.08
84.535
47.098
111.304
61.8694
70.3118
99.2378
87.1013
101.175
49.6496
103.558
34.3193
36.2519
31.831
66.3726
52.3818
72.8276
88.3864
26.1599
57.0026
26.1276
24.0873
46.2741
66.6234
62.2829
47.5841
52.9812
24.9684
91.1755
28.8695
108.706
62.5881
68.529
17.2851
47.1906
100.421
47.3196
88.1381
56.0575
32.4889
32.9533
49.4172
97.9039
45.8407
55.3366
50.3051
23.1133
124.176
73.8479
63.2384
44.7023
76.8097
26.278
83.3139
90.6863
21.1671
83.3484
109.403
108.687
28.8387
107.008
99.2792
86.3961
63.9846
47.6205
131.24
70.2558
47.0185
125.078
44.5008
95.1134
90.5088
121.263
26.609
57.65
67.8489
38.3742
30.2122
35.9261
89.0666
58.795
53.5373
49.7049
45.8292
42.1749
57.9311
64.1835
57.6414
37.4621
56.2438
73.7812
60.9074
38.3621
48.2556
95.6998
96.2059
61.5829
107.441
23.1593
27.5908
94.711
43.2646
173.651
79.5078
66.8869
38.5273
34.0497
155.641
173.763
47.5193
44.7652
16.8091
54.4926
144.08
105.938
84.9459
33.3746
99.4678
24.9171
79.0286
59.4498
137.264
80.8509
72.5379
63.4852
72.2359
65.3167
55.3981
180.146
31.6239
19.2563
58.8066
52.5113
83.4679
107.186
56.8634
97.8573
75.185
30.8208
46.3846
58.6417
60.7537
40.1522
24.538
189.952
33.8164
29.8275
161.409
58.0478
60.1833
124.247
31.0001
92.5176
80.5521
53.8526
59.3511
42.026
119.563
100.444
61.1648
49.0892
133.277
124.582
64.4347
45.3321
53.3526
111.086
103.698
65.1998
77.7793
45.5383
57.5849
77.7525
27.5398
59.2776
108.392
21.1439
80.3811
145.065
71.1668
196.933
35.6241
149.681
144.147
52.3512
98.9757
34.3395
114.386
40.1303
24.9415
86.4812
97.3713
51.7553
78.316
78.4397
70.5777
30.7834
138.548
67.193
58.0293
43.7939
124.341
51.813
109.55
29.7997
67.8532
67.1744
103.005
44.4031
87.894
32.415
81.6938
88.2982
51.1479
80.1003
48.7217
131.934
29.9312
75.4911
55.6225
51.9429
24.9844
101.985
69.8388
58.5409
148.243
149.549
45.0034
63.5921
47.7513
63.836
28.0148
29.4168
84.0353
47.0009
25.4341
49.6869
35.9899
48.1079
92.0905
50.1384
33.8383
38.108
137.892
98.9405
95.1055
59.4072
42.0564
52.2902
23.901
30.4504
55.4391
51.0892
34.8577
85.9184
53.1143
82.604
75.1704
84.0764
49.1115
97.9505
72.292
42.6292
125.281
130.41
50.1143
139.908
34.5087
29.155
79.4481
49.5475
61.3709
181.425
31.5884
73.0419
116.718
21.2103
72.7754
45.0124
66.9841
94.5344
48.4315
44.56
45.8955
46.6238
107.479
90.0437
64.8645
31.2534
79.4845
51.616
23.3953
96.7613
38.6929
162.963
118.755
58.2958
49.9262
46.6231
85.9464
55.9575
38.9954
30.5924
174.042
31.6263
33.5283
137.706
65.5256
54.5486
21.6446
112.195
139.391
97.2784
97.8695
139.781
47.123
68.5
124.157
112.425
156.438
87.3629
159.006
46.2593
160.694
24.872
40.5795
44.227
42.1584
86.9363
32.7517
46.1086
164.447
38.8178
60.1103
21.8869
69.11
97.2786
51.4671
28.7819
57.9561
68.8931
30.285
51.4493
38.2875
40.0018
34.8971
37.4607
87.8923
24.6356
32.1855
26.2928
57.5087
45.2227
93.5068
34.1027
80.8035
37.9817
85.8718
31.294
62.0544
60.9917
38.5271
37.4758
58.9072
50.8699
25.711
27.6809
47.8748
55.8172
47.7551
95.9768
129.863
43.348
40.0254
102.731
97.1472
62.4984
33.798
67.0874
80.8833
27.0923
151.305
194.574
45.4198
87.8691
34.4535
95.0077
52.4197
34.2272
50.6135
50.1227
34.5007
27.803
58.2849
28.6225
64.8152
117.619
22.7994
82.4566
34.3826
65.9346
47.1173
58.5122
68.8231
56.4062
176.695
27.5612
105.675
102.847
159.296
130.218
24.1204
100.222
16.0965
50.0268
20.8761
92.113
57.9861
71.6069
53.2539
38.8368
59.1324
86.5137
118.072
24.0719
59.2968
60.7057
28.009
124.017
98.5377
53.9776
91.8017
134.28
64.6712
84.6428
82.3121
50.7043
48.6646
110.32
111.913
22.6867
48.6712
54.6885
158.518
65.2055
43.2548
83.3742
37.898
47.7095
81.7323
79.5544
36.2998
117.41
40.3058
63.5741
144.961
133.734
54.8234
149.776
44.8472
58.2459
51.1738
48.2367
25.0513
27.5149
68.8966
100.057
88.3195
115.215
56.2621
86.0993
31.1733
106.577
30.0754
77.7014
46.1071
46.3149
44.491
58.0933
64.6947
18.4518
117.031
25.6177
95.0389
47.4927
187.125
20.6879
137.545
42.1602
181.531
175.333
50.1589
36.0308
89.9497
75.8258
71.1657
61.0732
29.8624
67.0054
46.0264
46.5892
25.2478
61.1807
31.3467
88.5207
34.4093
50.1895
144.643
54.7311
90.4838
114.642
201.628
97.0486
46.7427
38.5121
59.4307
197.857
102.396
83.2094
90.9026
26.8485
98.4983
48.1186
62.0709
23.3987
29.9724
30.2579
29.5982
51.1846
31.5112
72.0198
26.1374
61.6511
105.3
50.8993
64.7392
126.53
27.1979
31.9092
71.2272
148.223
79.1249
51.9483
30.018
66.4748
19.3717
53.6446
34.7331
89.1374
58.9556
60.9987
111.801
27.8997
106.125
59.1462
70.0357
48.745
58.9565
40.7855
84.8354
45.7547
182.506
22.2636
56.3923
22.0703
82.371
68.6869
32.5492
59.7601
44.0301
64.1252
34.1138
93.637
49.7472
50.7895
56.8918
56.8197
93.6388
60.9791
24.8488
37.2209
58.7219
93.3223
38.8596
50.7713
75.4502
24.7044
46.2486
45.5562
88.6295
31.9421
144.603
61.5612
183.445
135.007
59.3828
64.5895
161.6
20.7919
29.0511
101.491
41.3291
78.3617
63.7566
86.9582
67.8181
63.6268
22.0178
26.1512
25.597
75.8143
208.533
190.154
52.7905
115.834
56.1099
30.5094
42.3497
30.3509
53.2629
45.6435
72.7312
48.6209
46.0424
93.644
92.6512
38.4156
87.7737
95.7323
89.4714
103.951
71.8689
145.222
122.649
39.7484
43.7686
101.683
45.0569
107.312
90.3049
40.9503
146.849
86.9206
25.0105
135.662
62.6462
30.3114
79.5899
52.8123
35.4841
77.5309
58.3521
135.805
34.5092
111.959
112.246
77.1777
59.49
118.717
43.315
62.0128
34.7469
39.8436
77.7057
144.911
31.8803
108.631
65.7012
105.098
50.8917
43.4043
109.974
58.352
45.2952
26.7557
30.3584
27.3742
87.3376
40.1011
26.1543
49.2973
57.0577
63.8943
90.7456
24.7145
51.5081
47.0287
136.749
25.1564
59.1763
59.4215
98.9216
52.2326
69.9902
132.243
98.1007
35.497
27.8996
126.509
42.4313
62.1002
29.0689
24.9187
99.0487
158.342
33.0426
71.0231
91.9715
24.4678
75.333
46.1969
58.7414
48.4041
17.5235
84.1172
75.5443
82.1833
44.1508
77.2602
36.5489
21.394
47.2076
74.4406
43.462
31.3554
38.5777
44.7805
36.9974
127.003
67.8869
28.5041
81.0195
70.5312
35.3103
49.8007
55.6015
76.9232
62.1848
105.36
30.4898
33.9088
28.7092
162.777
49.0716
50.7225
136.315
105.504
31.9754
54.1516
84.738
25.1267
84.0666
66.0142
47.9876
67.1324
60.821
58.3803
102.382
43.8478
133.102
27.8313
61.3918
132.51
81.7706
27.8479
125.364
84.1672
26.1604
29.4855
34.2381
35.0156
45.7525
64.702
137.687
74.3897
23.3272
114.098
133.851
171.508
47.2328
31.0626
178.879
92.4719
31.2753
26.2434
67.9534
32.1157
76.077
50.6167
53.8626
66.3535
193.366
21.5711
20.1405
143.095
104.291
119.47
70.9839
133.99
103.033
38.7789
52.2231
101.416
68.4302
44.2652
109.43
58.0058
57.2192
64.7934
178.359
125.214
113.465
25.16
45.8313
29.3285
126.019
51.0077
64.1385
27.0441
80.198
158.191
81.7761
24.8511
31.9913
93.4932
50.1093
75.2258
45.779
96.2128
34.8051
31.5173
132.128
146.072
77.5837
53.9864
66.8592
92.0093
59.5612
116.053
132.233
121.281
79.3313
110.142
107.795
26.9215
50.3927
77.0642
101.379
50.647
90.5867
75.8715
28.1788
73.3364
40.3145
26.9523
101.415
34.7897
48.8733
205
32.267
56.387
71.7216
151.973
24.9931
58.5192
54.4474
36.5285
77.6842
166.328
40.9437
209.838
27.6186
70.2604
38.4228
109.493
56.921
52.4776
58.2906
50.406
48.4384
56.6534
40.8865
63.0302
49.5404
32.864
53.7147
172.094
66.4651
66.8178
32.8282
43.6488
168.19
84.5529
99.3723
94.7661
49.6454
27.2167
134.165
84.5308
82.0307
104.937
96.9378
82.8892
47.9014
43.0983
52.3121
81.83
135.453
64.5191
188.965
70.8855
100.104
141.242
24.1605
34.9452
87.833
122.733
131.468
78.766
111.416
133.096
50.6192
71.5812
91.5829
128.806
21.9522
70.5324
46.1356
100.743
55.8649
106.188
75.1222
23.3562
50.4998
34.1181
35.9769
104.744
40.5797
115.024
80.1088
100.944
61.5112
26.7071
24.0438
142.613
37.0098
70.4328
59.7746
69.9027
102.952
45.6773
54.0449
94.2026
36.3729
32.9088
114.315
101.734
46.8724
36.3788
53.1575
43.5687
148.921
57.4227
43.6268
46.9623
68.0147
50.4383
191.251
165.883
44.3787
106.051
89.1499
110.805
100.026
30.2225
51.6324
87.5644
76.1819
140.361
152.255
47.8581
17.4433
50.0357
112.895
66.106
53.4255
59.8652
145.616
75.0592
44.365
31.1761
80.3918
26.3726
23.0395
39.8842
97.5037
37.4614
99.7644
93.2813
77.8621
41.2536
81.4404
47.3915
22.0158
49.7382
76.834
70.594
53.0511
56.4115
143.224
29.0588
26.4548
104.697
110.631
67.1422
177.056
84.7071
123.29
92.6893
60.8726
91.4425
49.8297
62.8224
71.3288
60.9643
56.4402
98.4638
28.1123
78.9663
67.1742
92.7214
42.9241
68.5945
141.731
62.4507
47.042
51.2027
71.7339
35.9441
34.1788
52.1277
69.3073
34.8617
38.3812
54.6444
68.1073
46.8713
142.451
48.4689
125.24
57.1061
34.1503
51.855
38.1676
111.426
32.0853
84.3165
32.0034
146.927
79.2128
64.4836
29.7839
61.0348
105.633
31.0871
132.423
69.4252
86.1523
136.081
58.2293
32.1574
70.2213
54.3928
64.1009
47.0553
40.8543
148.04
106.33
195.059
37.3986
41.6892
44.6024
52.9829
136.369
92.4026
58.7513
67.425
53.2739
122.604
39.6764
46.9881
74.4097
26.2751
99.4718
70.7341
98.8572
54.9956
55.0143
63.5387
24.9972
28.3833
23.5194
22.3658
189.55
102.107
48.815
64.4531
60.5833
48.5547
36.7005
124.521
40.4648
43.0209
151.759
79.5938
20.015
71.9286
164.814
91.4207
80.1749
108.947
90.5698
88.5307
56.2184
53.4029
66.3474
85.3119
98.0677
26.7848
44.3359
104.721
117.939
50.4871
76.3342
53.4953
78.1083
143.622
46.159
51.2694
83.4688
76.39
53.5212
20.1211
89.6408
41.9772
155.209
153.926
122.182
80.5028
27.4958
89.1313
31.3779
59.7864
39.9627
112.521
61.9069
125.731
57.8106
81.9473
25.775
58.0061
34.1388
42.3974
93.7964
110.518
24.3499
64.1588
82.8905
26.3219
92.7809
133.195
101.226
70.3332
25.7377
28.8355
159.163
54.1831
132.748
22.6417
104.838
31.4916
29.3554
29.2954
151.007
103.551
30.2386
118.599
129.706
50.3459
46.5549
73.5336
89.0486
61.6061
46.1932
53.9653
99.5058
115.832
53.1199
50.1129
29.7474
44.2106
102.081
31.6742
25.306
111.506
108.195
37.2515
23.2224
95.9355
91.8325
59.4812
50.4593
32.9907
34.9863
83.54
30.959
58.1151
69.2218
34.0698
111.276
42.0763
138.313
25.4205
63.2877
33.442
68.8498
202.09
18.2849
38.062
32.9732
92.5324
96.1729
68.4208
49.368
88.8822
26.1526
30.2398
38.3408
170.781
70.5382
54.6074
25.0042
28.925
26.1825
61.9352
59.4167
136.799
78.0776
136.083
37.3514
85.4083
30.4926
95.8543
30.4528
64.1022
59.6899
24.7882
26.6073
42.1554
122.744
36.2622
47.5562
67.2609
63.6241
139.863
96.1511
40.7869
43.7704
37.9531
30.4502
28.3526
48.1199
68.1276
49.8806
99.7177
106.276
49.247
57.4962
25.0389
40.5414
108.518
95.2119
86.8433
40.7152
194.398
60.5554
23.5465
39.3044
84.6074
49.1986
56.2472
24.3469
25.3404
52.979
59.6876
119.95
28.0895
90.8974
135.764
86.3196
43.1643
43.1927
86.7075
55.9945
43.4159
156.809
50.3586
31.288
58.787
50.5038
53.9894
33.7594
27.7792
57.4475
111.335
71.1237
52.9846
106.837
73.26
65.8737
57.3091
107.184
75.2757
162.306
101.752
42.1852
36.7504
33.8025
51.3076
62.5118
45.5504
87.6559
39.9899
148.048
47.0872
206.902
23.745
95.8353
66.768
127.013
39.8148
40.2447
132.242
55.1282
46.8817
30.9587
44.6207
61.1898
28.9262
47.7041
35.3194
134.537
62.3817
49.6638
51.5133
59.2481
38.5203
67.4085
65.2673
26.4308
64.8568
45.7702
28.3902
59.5883
36.4638
25.2611
48.2045
85.897
119.99
57.627
37.0601
50.5809
56.6768
23.9701
122.575
120.556
30.4548
57.1107
65.3529
111.832
57.6952
128.345
47.6331
54.6582
73.2624
83.5428
75.3562
51.5131
75.5065
101.214
79.017
45.2685
43.9952
26.4921
41.425
120.334
56.2971
130.715
55.7173
46.7689
77.5563
55.5324
101.367
107.447
55.6589
120.453
46.3079
62.1048
135.729
54.13
101.551
171.631
145.937
35.2133
66.4558
59.0592
116.078
151.133
40.6932
49.3162
70.0175
77.0544
140.725
111.003
43.4181
108.496
45.102
83.154
105.449
31.2661
28.2821
67.537
40.0595
77.1666
24.4104
47.4256
84.3062
38.7194
59.7788
167.173
116.622
143.65
36.6834
70.002
64.1001
51.1893
99.7305
134.805
61.6213
72.7517
49.6893
37.447
106.792
42.8851
50.3527
72.0459
45.5319
105.613
31.3027
56.7838
52.5167
54.5946
41.3713
43.0507
117.717
35.8592
38.1653
30.2282
106
117.958
132.549
140.077
29.9859
31.2319
118.225
120.114
48.571
76.6252
60.1991
55.5993
65.5988
49.1369
84.4249
33.5973
28.1702
109.4
49.0848
51.4703
16.513
47.3579
36.041
53.645
58.3496
142.226
23.3479
90.6158
58.8518
93.0809
26.7345
24.3646
79.4261
49.5548
128.692
104.549
23.6524
82.1129
47.8547
35.124
171.03
145.42
54.1327
43.4359
40.4861
92.1098
56.3237
43.6315
61.7861
56.9379
93.5509
31.5197
69.6032
29.7828
55.5306
100.325
99.1069
133.127
29.7271
72.4628
84.9523
90.8504
79.8875
52.549
60.2408
32.7266
87.3959
105.459
45.6707
58.0854
50.3626
47.8602
76.3015
49.5719
52.9725
24.3866
66.186
23.8212
57.2449
68.2728
100.943
22.5496
185.816
80.9296
46.3503
44.0111
48.1548
88.5377
103.65
44.8908
66.5035
45.7824
110.918
50.4824
105.266
68.5314
41.6701
25.8091
79.2616
48.8806
174.3
180.822
128.832
175.076
81.4319
32.9215
40.1572
31.4429
120.316
138.385
29.5188
46.6873
43.3052
31.0566
38.401
165.465
105.364
51.8784
58.4915
70.3024
132.483
93.2403
97.664
48.1539
19.0232
57.1037
84.3182
90.4361
57.8236
27.2247
79.9407
77.5854
61.4749
85.8804
72.2639
27.7753
19.7594
51.142
74.2792
49.6709
112.908
32.9043
95.462
56.9316
82.0682
105.613
82.7963
89.7484
46.4141
24.0254
37.8789
104.067
49.8433
57.6192
104.36
23.2012
34.5119
103.58
68.0441
57.7332
21.2773
55.0605
130.109
32.3817
30.6066
66.7092
47.4575
32.1923
28.4544
27.8726
153.694
162.312
78.0634
33.3156
65.3688
41.2629
31.1745
38.8946
57.86
92.7506
65.9114
62.759
49.9163
154.037
54.33
88.7059
78.8702
45.3736
180.823
55.8657
41.374
83.5824
39.0356
36.0157
19.9509
65.2169
136.065
82.7618
47.5789
54.6649
26.0862
22.0894
88.8556
33.134
75.7071
39.5562
45.4942
70.6004
55.9374
35.9014
84.4237
131.993
56.7954
37.5886
30.6954
107.63
49.9361
63.4997
201.333
54.7573
57.2292
17.8979
132.021
102.053
87.7089
45.0241
22.6999
159.006
105.273
40.5126
52.2879
67.6747
60.3567
28.0163
35.5289
127.601
89.991
50.7259
114.522
68.3532
63.2586
90.4697
123.432
64.959
89.0656
72.3853
53.8904
92.195
46.667
24.1135
23.7473
41.8445
42.1047
30.7183
45.4739
141.375
46.7665
25.091
144.395
54.9446
73.106
81.8183
21.268
42.9363
56.0728
177.788
85.9882
33.5032
148.272
24.2301
91.0551
99.3688
85.2136
82.0325
68.6772
70.6274
93.8098
27.1299
63.4485
70.8108
27.5542
160.606
92.1192
99.8668
46.4648
19.2402
31.3278
86.3608
28.8839
22.4946
38.0853
118.333
29.2673
41.8743
36.5594
84.6781
54.0856
75.3539
30.8648
57.3909
41.3359
53.0516
165.245
96.0564
52.8699
87.9142
169.32
23.5155
46.3181
61.3468
50.2751
117.031
148.403
30.0707
103.96
53.3931
45.4226
127.559
90.7777
50.6877
25.1766
92.606
170.203
92.2662
26.6167
143.501
68.9714
90.4913
140.04
24.496
65.8559
119.368
90.9958
68.3996
48.779
71.978
41.3141
31.6305
48.3649
61.1683
23.6487
43.0035
105.678
21.0107
39.0509
74.3507
46.5569
27.7792
50.6745
54.2294
105.657
22.6497
106.085
116.273
25.7527
35.8431
31.4352
108.02
110.811
120.592
133.915
126.003
36.0126
75.414
73.7877
61.999
52.595
23.3252
38.0641
61.2813
47.0184
32.1539
53.0825
49.9431
90.9687
82.5121
30.8597
31.0806
108.001
101.711
110.221
67.8648
20.7853
21.0846
31.1457
37.8608
30.2789
130.319
27.9678
178.815
29.4689
33.8642
49.2415
25.4333
28.688
63.7109
32.3876
54.2099
82.9879
43.5764
27.8036
62.2863
71.9216
18.2297
24.0395
29.7722
31.3092
49.9271
55.3534
65.0548
78.4231
68.1999
42.164
34.2751
55.513
99.6687
49.6446
187.777
78.1525
107.236
20.9337
119.973
143.829
49.5378
47.4346
52.073
38.4011
47.9867
79.0384
92.3071
18.924
34.4284
23.6196
63.8362
40.6211
139.636
70.3535
59.2456
22.1322
122.538
93.6969
53.111
133.41
148.83
36.0269
55.1715
24.8621
47.5437
41.2716
111.483
38.5588
58.1463
37.284
49.6304
42.583
55.1597
33.043
32.428
132.012
55.3563
112.875
34.5329
67.9597
40.4217
49.9234
35.6164
35.7498
48.8789
65.0703
49.2652
51.606
46.7071
58.1165
140.927
96.5563
34.1679
68.5026
27.0458
79.7755
41.6451
152.525
106.494
60.1539
97.9004
51.3623
72.1362
83.8226
83.2791
32.0132
70.2648
47.206
70.0148
25.6657
37.4477
91.5657
37.4788
70.8469
36.0428
84.4939
31.775
30.1083
42.444
177.359
45.5609
67.6865
51.0598
151.46
123.578
54.6026
123.543
20.6691
83.3726
109.808
29.0384
50.9778
80.0247
62.6384
64.0176
84.1156
61.6915
21.0836
52.0306
114.232
55.5411
68.8793
25.8877
31.6455
40.971
46.1909
56.9095
155.856
43.5622
187.43
52.0047
48.0313
70.3414
32.334
38.831
60.1147
48.5199
111.018
22.9429
59.0914
143.029
74.5792
105.67
114.48
44.768
50.9689
46.9941
150.665
65.0847
28.4164
26.8677
50.431
62.1662
43.0889
26.0724
62.0504
48.0117
123.88
49.3024
67.3066
55.2374
29.8457
80.4985
57.1576
64.2692
119.882
72.0071
122.585
76.3256
66.997
79.9458
30.4737
35.3814
50.4035
60.8675
74.777
40.0815
26.1227
76.6039
59.9159
49.4337
51.296
80.575
45.0024
21.8161
74.2365
114.779
63.2229
25.6902
196.02
24.7307
120.571
28.2141
24.6702
60.0871
77.9066
69.2593
67.7331
140.831
33.1362
94.5595
45.6977
45.1802
56.9875
44.9467
48.4473
26.1891
54.1575
36.9753
72.0408
24.9045
41.0734
45.5447
145.201
70.0112
57.662
65.8221
69.2535
162.472
53.9496
127.988
89.0323
60.2601
72.9893
47.8933
72.9428
46.8091
120.037
84.2288
65.3411
62.8721
57.1094
159.38
81.3965
54.8582
61.9042
70.4655
27.4535
107.811
54.4439
72.424
54.2439
63.5172
51.3819
120.653
30.0797
76.4269
54.2412
30.7152
116.324
50.5455
87.0885
39.2936
100.559
205.716
110.5
173.061
85.8747
61.0891
20.1227
111.711
115.159
51.7948
22.5947
57.0768
36.8496
61.6529
24.4464
36.4101
29.3727
44.209
60.5847
63.5527
53.17
133.328
68.6145
77.734
38.2987
46.5244
153.056
119.107
59.7223
80.136
79.7943
58.3726
57.0691
93.4509
64.3022
29.9156
57.8361
32.3683
84.8255
42.9018
149.579
105.231
53.2505
24.537
54.9068
68.4907
134.521
66.9039
74.1514
57.8304
69.7867
44.0178
30.3929
54.8893
72.9505
54.6092
41.7883
45.0374
75.3654
44.5648
78.7668
25.0685
70.5809
56.8927
102.354
34.6506
102.783
173.297
58.5692
98.4858
88.537
73.759
43.8707
70.2579
59.7998
184.51
49.6573
56.7754
49.2479
95.7275
59.5833
83.2329
27.5848
47.5814
26.964
94.6812
51.0602
85.8097
47.5664
55.9976
30.9106
83.4397
63.2498
46.4673
77.2458
44.3934
29.1019
50.7975
52.4449
111.392
64.263
23.5327
36.0943
192.227
48.8268
47.7859
54.3951
73.144
17.4116
127.691
97.4188
26.8398
164.381
94.5077
63.2707
39.3526
42.3623
70.8954
52.3651
93.1477
34.495
105.26
67.154
70.0725
153.004
51.6444
43.7039
144.069
33.8182
29.9874
100.371
68.5961
119.373
24.0936
40.2303
37.5274
29.1327
121.433
89.4038
29.5824
24.1778
67.2707
110.087
144.475
47.9353
62.8828
55.59
166.891
63.3866
90.2827
89.1514
111.92
61.5115
41.104
183.079
135.375
88.723
128.505
76.4126
98.1506
91.9156
34.8966
25.1967
46.8245
85.0978
20.0506
211.373
136.17
113.584
111.601
25.8616
49.4514
61.6015
95.2058
45.8081
131.531
36.1174
75.8508
40.0153
83.8035
139.938
35.3191
68.6844
94.746
75.745
34.8123
70.8235
50.9743
70.6253
105.226
53.8064
80.8345
21.9674
61.4622
130.288
40.5301
63.2022
31.4732
39.3362
23.2917
109.356
48.002
63.1167
82.1862
56.419
27.4701
56.7181
41.0877
81.5289
109.178
105.851
41.4702
185.671
55.4591
41.4275
83.6672
27.7279
43.3316
97.5206
37.785
51.4545
89.5455
46.0158
70.6618
56.0478
111.237
109.66
40.0117
44.1351
68.8959
71.9684
94.2416
37.0131
112.165
23.6443
39.3784
90.6112
35.0322
38.1154
99.0858
172.23
84.797
49.9063
112.305
180.074
36.8575
51.1838
92.2757
82.2417
92.4879
119.424
63.6384
67.7257
17.3722
26.9247
52.7652
40.8011
110.336
125.159
91.0068
192.202
102.137
52.2555
42.6462
96.4886
29.5099
87.4541
139.676
130.859
60.7834
81.5254
42.333
94.9525
66.3258
100.399
200.581
160.555
33.1202
51.5882
94.4983
40.6129
24.1808
58.1329
51.989
99.0988
193.737
72.2011
68.825
64.829
88.5039
48.9606
47.1442
29.7563
97.8479
148.948
39.0757
29.8899
67.6919
83.5882
49.2153
20.5337
25.7178
27.5863
36.0223
59.6264
53.2963
53.5426
108.469
77.8664
95.5217
43.7013
38.2141
48.1833
85.5737
27.7998
65.7294
64.4736
106.066
42.3958
174.35
107.18
103.855
196.086
21.9585
136.511
53.104
18.4073
50.3845
52.2471
49.9833
63.2807
46.2409
41.7887
50.6233
49.1617
54.7593
29.2192
141.254
73.3815
51.3352
101.138
60.744
104.317
100.179
61.2474
37.1221
28.5197
47.8927
185.709
86.086
44.4677
68.3627
125.957
168.467
47.8495
75.4171
159.756
51.5981
65.9108
122.875
65.5116
83.756
150.864
154.604
84.6504
98.7744
47.5434
83.9134
50.8763
78.7067
28.8011
47.5724
83.8726
141.065
139.327
64.0641
54.6325
18.8399
45.2037
43.724
42.7877
51.9782
50.3817
77.1011
61.9471
86.5938
48.5236
63.0625
81.2633
53.6283
158.246
127.931
45.7742
33.957
34.7011
70.3694
74.1754
52.889
168.579
50.4152
59.4436
53.5865
70.6158
113.619
55.9927
105.611
112.482
72.9646
58.419
54.3374
35.5021
56.4725
28.6791
53.7503
48.8015
42.5023
27.5583
35.0651
53.1095
27.6949
93.3808
30.1876
111.756
64.667
55.2912
83.8039
30.7312
84.148
77.4481
15.4128
45.6916
53.0615
58.5863
65.9002
27.2518
166.367
99.9897
28.3845
151.864
41.6232
80.0691
66.4657
52.8546
108.668
45.146
50.4243
49.0925
48.4252
81.0583
113.955
66.1185
55.7183
104.595
67.9983
47.6593
27.7891
136.074
102.976
22.1538
62.2457
47.1895
161.639
73.4099
54.4135
56.5267
47.8625
44.8436
26.6826
116.437
50.0698
18.3045
111.407
25.4731
166.375
98.9723
53.4923
43.6825
109.331
92.1445
72.6818
49.9169
42.2119
114.144
57.7009
96.9926
112.637
41.6188
33.2966
48.2171
30.7692
138.81
118.313
58.9896
41.8662
73.3745
44.9419
44.7067
56.2409
70.508
47.6214
43.2836
80.0706
39.9221
90.2569
42.4673
69.4178
22.8912
40.8042
148.824
63.1881
71.6473
127.555
113.448
133.597
36.5289
70.6586
109.273
31.5979
143.968
50.6063
91.6593
33.6071
103.205
90.4326
148.118
44.1256
54.0753
77.5809
18.251
45.784
79.4644
85.7498
156.708
24.0536
29.8868
43.3191
23.0252
30.7814
122.331
27.2818
36.2654
103.806
118.797
169.338
166.359
27.0346
29.5563
29.7869
151.639
36.2024
64.4867
53.8336
48.2147
34.5911
91.0126
112.626
45.3243
34.2988
22.5288
30.6413
93.5371
92.6535
66.558
99.2892
37.8878
35.217
78.8085
76.013
69.9385
35.978
51.9028
68.3441
51.6572
53.831
48.4598
69.725
21.1984
40.9855
35.2135
43.2052
26.7514
55.6743
41.0428
53.5284
41.0334
28.1842
65.0828
63.9681
97.0501
87.7381
79.4288
37.6843
63.6364
75.1825
60.6264
62.5757
61.7996
29.1174
52.9363
72.3105
133.257
52.839
77.1213
80.9177
138.183
53.6569
26.8396
160.635
34.1587
39.7339
31.5645
42.5319
57.9769
69.8404
107.343
164.866
130.865
106.676
130.733
30.0025
46.798
27.0062
54.6508
19.3705
28.45
78.5956
25.9344
50.9538
66.3675
42.3696
53.9784
99.0462
49.463
76.2742
116.789
77.6325
37.7683
45.7862
78.853
28.3874
25.7482
43.1533
35.6565
66.742
57.0264
60.5359
52.0358
72.9609
80.5712
59.6004
52.8465
32.5992
53.2259
77.3813
106.657
30.7598
30.2905
130.525
106.814
39.9492
163.158
50.9776
43.4415
49.4711
29.8306
17.8379
26.067
47.4492
30.8025
48.5655
57.8497
127.438
40.2021
30.7537
26.334
119.61
28.3101
20.3125
98.3081
65.1502
33.7618
30.2812
39.3937
62.0882
26.2331
28.159
193.674
145.963
63.7393
62.2024
64.6567
74.5281
59.9031
56.218
47.9647
74.5935
28.8525
47.5046
40.2582
48.4301
48.8213
25.5987
42.5402
154.347
70.4841
39.3508
69.3103
107.267
73.4283
45.3096
65.3966
83.7816
50.9923
38.2209
129.505
176.938
90.9376
46.7354
53.5646
48.9297
60.9395
157.382
65.9803
26.4182
52.8418
50.7488
44.1878
43.2451
75.2897
33.6137
65.2666
94.4718
55.9318
66.6256
92.8218
126.868
50.5832
141.246
22.2508
59.3297
71.2079
37.7869
61.6239
53.1865
78.1565
31.3843
47.2673
63.1663
104.453
45.8222
87.2801
84.5834
65.0812
95.0442
47.3261
41.2865
67.6834
92.5636
32.8348
17.2897
65.5259
60.009
30.8562
70.254
49.2377
84.4876
123.142
94.8122
51.6599
31.4505
43.695
61.0203
51.7222
166.495
33.2466
44.3315
31.1128
109.882
25.4064
89.2941
42.2206
41.2449
135.433
54.5344
53.0778
64.2628
92.7437
112.502
36.3517
179.833
103.407
70.5909
16.8028
61.436
35.7034
73.7006
102.159
95.4837
31.6334
43.7371
62.0823
56.3489
42.8732
114.353
46.7155
53.2457
46.2064
59.6672
49.0655
55.7208
63.7207
57.5262
57.021
31.4043
53.8129
74.239
32.8163
118.374
148.496
39.1911
50.718
38.3066
64.8044
46.1415
101.855
38.1919
32.8605
26.4736
36.4166
30.8765
40.4499
54.6456
112.862
59.8866
67.2596
58.7425
70.0382
57.4242
147.056
23.3444
48.7023
40.265
114.695
49.6411
49.0423
51.0989
44.2104
103.396
108.697
50.2722
111.033
40.8507
35.7027
54.5234
63.1543
56.4948
36.9073
58.7809
88.5616
49.7286
51.3944
37.9674
108.796
111.274
67.3339
41.9803
98.4583
32.2955
56.4763
33.8987
75.656
96.3088
109.188
93.9326
39.8277
174.724
68.9325
65.1185
26.8341
64.0375
93.0739
32.2147
90.9961
39.4744
17.524
40.2457
57.2859
79.8955
59.1722
55.5448
38.8782
17.3674
45.6475
79.4728
28.9098
143.564
17.1256
49.2752
119.565
88.7226
50.9335
35.4071
73.2216
73.7007
59.1343
52.3829
45.4641
31.2584
48.6137
51.9068
41.0993
75.5931
136.207
72.4482
56.03
32.1523
105.237
62.063
48.0402
40.6328
32.8715
120.745
58.3709
52.3942
138.272
76.4974
33.938
74.3337
27.2737
28.541
107.69
109.234
34.1915
40.0186
126.35
23.8989
84.2252
104.477
42.209
64.667
52.0944
92.1942
110.111
150.239
64.14
39.0497
44.1091
44.0935
121.11
126.252
64.4896
25.5179
15.9153
88.1021
65.0192
81.1469
125.468
46.565
43.1449
27.316
121.628
65.9565
101.02
60.9598
97.1699
56.7857
34.5477
27.1725
76.2326
29.8832
76.2176
193.573
79.6841
24.7104
123.625
34.4521
108.941
130.39
133.425
25.3339
93.5892
47.2052
54.9739
50.3151
66.1847
67.1421
42.0473
72.36
41.3476
69.0851
28.1488
55.5476
55.4604
71.617
52.3896
33.0568
79.5452
67.419
104.176
71.1013
69.1139
59.9707
47.9347
71.9817
57.0153
68.9244
73.9028
52.0959
54.8008
134.546
28.9739
51.4741
38.5986
149.828
43.5654
63.9702
78.3961
19.2001
61.1485
57.3786
25.8743
94.4479
37.1758
149.484
41.1022
40.9463
112.701
50.2109
58.2103
101.248
162.622
32.3214
24.4733
63.0138
136.565
78.3764
29.7013
78.0524
138.597
103.735
117.734
30.6018
78.0307
53.7205
62.62
108.927
75.3132
31.9239
68.7081
33.0339
32.9674
44.2276
25.3379
67.6305
48.447
68.9323
52.2188
42.6774
51.1349
61.956
31.1518
70.6205
63.6774
88.8744
44.7537
89.13
61.9976
51.6497
55.6204
35.7428
55.274
28.9706
20.884
121.162
52.3171
59.1746
114.409
72.4566
63.8155
174.056
109.703
37.6571
37.2417
47.7943
146.435
23.9676
46.0943
21.8536
38.9051
130.583
63.3017
93.9433
104.886
67.0954
73.7047
91.0888
129.393
107.158
106.792
50.9835
38.8799
80.5737
46.4312
61.6555
50.1209
39.6782
54.4892
72.4024
48.5682
49.5848
47.1303
96.2656
33.9921
163.607
51.4034
49.3045
79.1777
75.4335
66.8442
140.685
40.6423
31.1595
194.056
48.9732
153.702
28.5559
92.6187
34.5466
23.3464
23.9891
95.3705
67.1296
107.05
82.9555
67.9611
35.9124
144.628
55.4141
48.9022
62.9932
98.1388
38.2285
35.5625
167.261
28.3311
63.2786
72.6612
94.5595
35.208
72.3143
52.1619
127.694
109.487
156.875
139.716
42.0452
53.9212
102.162
35.3702
113.657
37.0737
76.9941
34.3776
25.0171
45.5403
46.9345
113.564
92.8292
44.8743
34.3677
114.709
48.771
64.9138
42.786
125.855
25.3177
106.983
16.0435
101.552
61.8068
30.5653
39.7034
63.2368
51.8037
51.9126
94.4007
62.6589
58.1223
40.0557
106.162
116.074
102.008
23.6826
78.0007
70.3912
72.0344
40.2744
55.2521
44.3068
33.5465
39.8159
44.7177
47.7027
79.2454
62.4715
95.4859
91.0386
59.7759
141.477
160.453
24.4002
135.037
46.7127
30.3612
51.5551
68.3202
118.323
107.116
41.0253
33.5063
52.4663
20.5068
54.3946
118.048
49.1488
22.3499
60.7673
20.582
26.2267
76.0528
85.2579
76.9572
142.407
98.6679
50.8007
88.2774
116.204
75.406
102.114
49.509
86.6276
25.7345
26.2178
65.3869
31.4291
62.8971
66.857
91.1814
58.3359
38.7742
153.984
157.791
42.6887
146.822
61.6593
23.7603
190.651
57.9754
28.1004
54.0247
120.592
48.8533
71.4974
114.767
66.2047
196.091
15.8266
79.0577
87.3898
46.8451
47.0422
47.2604
26.3291
46.4167
160.579
71.4131
67.3619
46.6807
60.0238
81.4137
60.4731
112.633
142.365
71.169
150.062
49.7815
75.3774
148.153
41.8487
81.5677
22.6566
27.9141
79.1306
54.5802
31.3952
32.495
25.5921
101.037
87.5595
85.7523
58.9277
45.4316
103.096
66.9356
69.9453
31.3573
44.9277
62.0402
51.9705
131.481
201.383
142.915
80.3086
20.6626
21.0587
27.9338
172.147
32.1514
104.225
137.234
28.6558
56.3601
38.0805
48.1883
61.6507
27.0483
71.6446
70.6585
36.7583
121.726
195.139
117.078
53.1673
89.6435
47.196
59.8207
31.1638
62.8788
26.9311
41.1256
34.6725
27.3868
21.3953
194.842
72.8187
58.2427
134.617
53.8104
53.8652
88.5686
81.9222
53.2283
70.0572
91.8847
109.374
47.6747
74.8404
45.5069
65.4804
29.7683
156.693
42.6864
39.5082
96.6327
109.455
41.4711
49.8377
67.5987
65.5174
30.0497
31.8458
65.3529
83.095
147.808
95.088
28.8065
63.4107
68.1223
32.4724
53.6841
57.815
47.4906
89.7749
116.146
93.7535
118.372
26.1638
74.0948
41.2633
50.9577
69.4845
123.745
57.3211
124.463
57.2844
31.3617
157.343
44.1787
198.532
72.624
63.228
66.0799
27.6345
120.231
92.47
44.8306
44.2911
104.659
166.402
127.654
101.936
48.163
139.467
69.3031
158.998
37.2559
73.9548
26.0676
75.0033
17.7641
78.9466
26.7741
102.529
172.881
57.2254
36.3672
51.6549
23.8955
32.7532
171.896
103.786
40.537
27.7506
24.017
62.2523
56.2018
74.5478
19.1925
70.1654
36.6887
132.773
50.1286
16.0629
69.2406
96.1157
60.0141
30.2963
48.6424
73.9312
53.7715
27.8675
107.062
56.6287
28.7007
160.307
44.1698
68.8914
32.696
57.2672
80.477
112.938
60.6252
60.5648
53.5155
76.4065
60.662
77.3183
100.912
181.648
22.6051
110.059
81.3855
54.8389
43.6261
94.3162
29.8952
72.0055
15.9232
23.4505
75.1606
28.8701
42.3083
33.5231
63.6426
44.5997
53.4791
88.1968
53.4579
70.3278
24.9634
55.564
128.311
96.7658
44.8132
91.7063
54.8935
117.414
49.6101
49.3591
99.8387
64.529
26.8668
138.754
60.8175
79.5349
26.8897
52.9001
73.5342
36.2066
34.8577
83.7049
43.7663
48.4116
63.3958
144.97
28.3221
53.6657
73.689
101.215
55.2984
61.7268
192.431
98.0683
41.6097
58.9414
26.3586
88.4924
102.32
39.0086
53.9426
19.232
34.4308
168.158
63.2583
85.1303
40.7667
55.256
112.722
43.9224
148.41
73.6745
23.1604
44.2537
93.2238
45.9312
137.289
54.1299
54.207
30.6978
40.0961
56.8439
110.794
52.7067
36.0164
57.1436
45.9653
141.738
54.9639
163.444
82.1103
73.2984
49.7138
78.9572
30.8314
24.3224
37.7376
92.5152
71.7932
44.9339
66.2306
44.8605
77.3399
49.0549
61.6993
51.7872
109.49
162.339
29.7412
32.5574
89.7664
25.8646
76.9573
33.7457
26.7424
56.4134
51.5773
31.9686
41.3006
56.596
69.2891
77.356
45.372
84.3927
49.4858
137.19
77.817
69.9334
20.2293
56.0586
54.5358
193.227
53.6516
32.4822
192.41
31.0756
84.4709
104.756
25.0546
39.0061
63.6919
61.9517
141.386
61.5841
84.2165
28.1734
106.082
48.6247
30.2069
48.5234
50.7095
57.2474
27.7816
112.848
64.2945
57.8766
61.3196
162.978
78.1815
29.8014
23.2888
36.4114
28.7299
51.3457
52.0637
96.8798
95.7662
23.313
127.099
61.1948
90.448
72.9298
23.5338
52.237
52.7304
107.027
67.7885
86.5833
49.6516
59.4656
93.7662
101.656
24.4487
29.6323
122.583
47.946
61.1927
108.205
38.028
98.8226
202.165
53.6373
39.1864
34.6051
40.9994
77.3405
38.2491
102.89
32.4358
143.582
31.6564
49.9986
53.5612
82.8462
98.8736
133.414
27.8977
48.0415
52.6947
98.6152
27.0601
40.2663
52.6495
119.198
43.4912
86.9503
114.803
25.7744
51.4101
41.9206
74.5769
66.8412
34.0559
71.7978
131.481
79.7164
95.5635
55.6661
159.333
24.6421
63.1809
62.5272
62.8106
66.0055
104.267
60.5661
31.3655
104.541
26.5746
63.5082
76.8001
100.891
41.4907
108.313
61.2918
39.0148
40.5228
133.526
37.3361
55.458
30.3425
57.1199
209.996
68.0229
26.4486
70.8515
54.1238
93.4823
47.3684
69.5329
29.2975
54.9662
52.4666
112.592
47.6447
47.0962
57.2181
73.1202
50.5805
92.4081
72.6429
65.8757
69.2137
69.1407
47.6807
27.0903
26.0239
69.0295
49.7322
73.913
62.4065
48.3527
56.8995
100.144
28.654
53.6594
85.644
57.3352
34.2217
31.3329
64.5209
80.9305
87.2447
87.1077
32.5541
166.338
137.132
19.7472
32.0868
51.0532
60.6951
64.2746
65.4915
41.9136
42.8343
49.0104
108.853
126.32
68.5035
55.3372
33.9842
84.9017
54.7985
114.493
50.0778
47.0779
119.616
66.5967
69.6219
70.7926
20.9027
23.8093
76.9062
60.6213
40.5467
45.9419
103.968
71.6133
65.7515
24.2743
88.2335
76.1415
32.9431
101.804
113.909
44.2484
35.4697
31.0834
33.9013
134.615
94.0507
44.7113
71.3477
121.545
29.402
27.4796
60.9272
42.4863
52.3547
183.942
102.099
38.0957
96.9333
55.152
43.4113
73.622
54.1544
16.8277
155.718
79.6365
55.781
117.323
30.7247
138.141
32.4193
118.819
75.6215
53.4114
30.747
58.2436
169.097
47.7707
52.4129
31.6064
66.3835
66.9453
21.0727
155.043
51.5058
18.7495
19.4908
142.789
45.1335
31.6237
90.3713
44.5253
115.093
48.1488
35.6798
29.6169
25.0549
19.8279
28.9097
61.1222
47.6854
30.2239
49.5494
63.5794
22.1675
117.872
33.8322
150.681
52.8896
148.007
72.8275
49.2752
52.861
29.6402
29.4619
50.2224
48.0918
21.1129
65.6455
74.2346
48.5488
64.6415
37.6137
117.01
44.096
69.8877
47.3171
50.415
50.1697
29.4476
23.3616
45.602
53.6209
51.6557
29.5049
44.1964
75.5553
48.7382
115.382
20.1884
42.5011
52.7181
56.7747
43.0911
65.7039
163.084
38.5987
24.0329
57.815
98.1279
107.988
57.8234
70.8911
109.398
24.4162
58.9021
48.3668
36.5694
53.6959
70.0806
54.4685
162.737
40.904
163.43
30.1519
57.6159
30.3133
55.373
54.3256
78.9799
168.997
91.2687
135.422
53.5999
35.2556
83.4839
118.358
30.5972
60.5412
63.7021
31.2444
52.8058
40.9526
37.6723
25.8486
40.5104
29.1533
98.6964
118.492
56.3634
155.792
73.3089
118.223
44.858
94.3424
40.4172
110.93
85.2916
59.532
67.8899
40.9255
50.2192
92.8922
62.2249
84.4644
108.59
77.8102
132.259
83.0794
87.3116
139.366
98.1507
61.5938
47.6533
48.8433
32.8125
53.6586
38.708
53.5231
18.3175
73.1233
46.6301
46.8648
30.7473
31.0084
62.873
127.677
186.673
53.7994
56.521
59.5087
31.009
36.6043
28.1836
128.385
56.4328
23.4398
26.6835
35.884
47.0613
51.9319
163.069
49.6311
32.3345
46.649
18.8424
33.4221
58.5178
72.6771
42.0234
75.1545
65.6042
32.4475
52.9838
149.431
43.9881
18.5645
65.4145
86.6924
51.2222
68.1872
95.987
129.38
38.1445
57.6776
27.6946
191.647
45.0693
80.6266
73.0137
56.3786
63.0463
37.3003
70.8761
59.6987
39.9325
63.6843
57.7071
132.764
131.356
168.05
51.6462
81.3587
70.8069
53.557
53.232
67.7911
58.1115
84.3414
59.1706
34.6971
80.7271
132.895
53.6851
18.7569
50.7989
135.924
30.7745
22.6433
48.39
41.4495
70.9133
42.5229
119.112
149.478
27.0789
193.334
31.582
65.3818
88.182
51.1966
72.2055
51.3207
43.8326
127.308
112.502
64.2459
82.7536
74.2246
156.028
26.8851
125.977
159.7
56.1339
111.858
47.8173
42.6385
182.636
146.523
79.3802
87.1213
172.56
78.2308
54.1207
53.2084
49.4733
89.6945
158.425
83.2959
29.6856
158.888
68.031
93.0691
86.297
45.9709
76.9831
45.6652
138.823
183.979
101.796
73.7642
47.4196
36.5768
66.1835
50.4727
38.9495
82.7747
78.8449
68.2439
146.162
27.1102
25.1707
67.161
26.2988
76.2757
74.6137
113.448
121.067
42.6325
89.0116
82.9471
122.162
101.358
58.0807
59.6345
81.7729
64.0338
138.898
75.4277
106.881
38.4754
28.9544
69.9485
82.9123
52.5198
105.171
180.079
26.5604
120.98
54.0187
106.497
59.8383
110.359
28.3077
85.0333
74.2458
23.521
47.3251
61.8997
50.1288
43.75
57.532
41.4875
61.0031
128.493
40.2988
26.074
45.478
31.7662
56.6841
61.6678
26.3315
68.6618
147.266
34.5254
70.6523
73.3472
71.3555
75.3727
128.971
66.1559
39.6198
33.1032
41.1342
17.9331
49.566
182.025
86.4666
66.9347
113.115
21.8869
164.681
57.5065
26.9612
74.8206
151.801
58.1984
50.7263
105.361
26.8828
93.8958
37.2612
36.7078
75.5097
75.334
49.1404
173.243
143.19
65.8274
32.3418
82.7293
20.8261
47.76
36.4325
22.7552
25.1507
49.1508
62.9463
67.7448
42.437
30.7913
63.7211
55.9731
26.9483
28.4103
54.6281
66.7224
68.9171
42.7289
38.3484
156.832
84.9311
46.8344
84.7223
94.9514
36.249
101.264
98.4891
73.827
173.403
50.662
52.4727
100.649
37.8337
194.25
51.3615
43.6571
61.0249
89.9554
57.6103
126.003
49.131
134.372
30.9702
114.005
84.5135
30.3097
49.0032
43.834
87.4886
20.3239
80.0276
132.307
39.703
79.4593
77.5336
96.5599
44.1534
102.496
91.1748
42.1767
56.1662
27.7082
78.8584
59.741
129.613
47.7394
176.416
141.77
32.4327
33.3973
31.1
30.7661
32.3158
23.6393
52.2732
46.9937
105.711
36.8591
39.5177
35.3465
49.372
143.615
70.3645
54.2979
40.4112
160.207
167.901
157.832
129.174
71.9961
89.8641
42.1393
49.2368
44.4575
57.2802
82.7149
101.525
27.4924
44.5106
28.2882
130.424
28.7298
191.566
122.588
109.606
25.3027
49.3588
58.7493
37.2209
48.3858
67.4056
48.535
89.1232
153.397
94.4617
58.8824
61.5078
55.4983
77.2364
49.0644
54.252
62.668
80.126
40.9587
25.8459
90.6491
100.585
48.2037
94.8428
115.264
58.3905
66.8138
47.5731
47.3006
97.8926
72.6123
25.3444
66.1515
204.425
120.604
168.214
32.2633
28.0914
69.7253
65.9394
49.7478
47.8961
37.9749
74.3536
26.5158
147.56
71.6549
77.8638
146.865
44.7281
27.4843
72.663
104.51
48.6265
50.467
85.2084
108.496
61.2274
147.662
86.0804
124.106
56.141
65.5084
40.1283
109.157
99.0911
66.1729
77.3421
50.2381
137.463
171.808
33.8253
43.7363
39.0604
48.6941
30.0723
46.4844
88.3719
102.37
73.023
32.5049
105.821
47.9808
95.2501
60.3187
103.268
101.016
30.7674
21.5813
40.2883
38.2613
36.2006
83.9245
24.2468
75.1216
35.0718
84.9294
121.08
99.7862
15.2723
126.819
80.6724
164.632
134.929
54.6425
34.4984
24.8728
41.4612
56.9879
135.162
48.5673
44.1214
37.6718
75.1387
141.312
79.9774
108.143
85.7191
49.3029
45.1287
123.014
74.142
57.8302
43.7007
29.876
36.3003
31.8871
33.0135
70.182
27.3662
105.035
119.474
54.2522
56.8059
60.3144
120.007
29.7245
56.8676
26.9319
46.7162
41.0361
109.723
53.7927
95.8421
28.3694
110.728
88.1149
22.2495
21.426
48.3301
96.4414
41.447
46.4372
120.666
40.962
75.4901
39.5801
31.5882
39.321
110.385
96.9287
88.2703
89.3338
31.4633
31.5579
51.2487
58.1018
54.0953
75.5431
44.6021
39.7045
54.3504
27.281
48.2505
108.298
107.227
26.1301
91.3011
38.8511
52.2334
113.5
57.5499
85.8539
159.468
58.7347
33.4196
169.285
142.85
49.7485
49.551
180.057
31.7528
71.7472
57.7003
67.0184
42.6236
43.0586
41.5447
37.0417
42.9729
31.5757
84.2913
62.8778
30.2491
148.479
42.2284
45.3774
56.0705
63.4702
66.4648
98.2955
55.1021
84.1049
53.2786
65.8457
51.1341
20.1346
33.8826
103.778
72.7429
81.4928
46.4696
49.6033
61.0075
44.3408
36.8715
108.725
30.3572
109.143
21.4206
65.69
35.4257
148.683
57.0471
27.4899
24.2221
154.71
43.2648
205.716
53.083
57.0571
77.5372
100.177
66.7713
100.306
61.9088
141.697
122.619
82.342
61.3513
53.212
25.243
53.7486
85.645
56.769
30.3478
87.8588
104.205
51.2948
52.6967
69.3093
16.9626
77.2278
41.1483
47.1729
66.2391
75.9331
142.629
125.617
25.9139
66.5374
73.4932
152.093
56.2406
50.235
27.7706
79.3949
23.5644
100.313
75.0258
29.2383
66.2139
100.222
70.4826
97.522
135.857
200.726
41.288
54.3132
47.6564
36.8687
21.1126
51.679
38.4162
52.2382
97.4324
158.652
64.8556
41.3492
55.3434
97.5952
34.2507
82.7012
58.2689
25.2976
58.4068
74.2226
15.9352
119.785
84.0159
23.7284
36.1272
41.3033
75.229
65.7781
35.9644
197.106
173.21
35.9714
41.2342
104.674
72.7636
125.921
115.64
84.7087
69.6973
81.0338
52.6227
67.4011
76.479
75.3318
58.8071
194.181
33.8794
54.2433
102.54
23.5951
170.088
135.456
65.8689
42.0033
36.9088
142.353
24.7736
98.9668
58.7551
147.881
30.9712
74.128
134.88
72.8358
52.9382
35.2054
66.9443
45.692
33.6399
98.1811
60.2437
32.0571
50.5928
57.867
122.316
48.1849
74.9152
41.9099
104.891
126.209
87.0615
187.819
54.083
55.6342
49.7063
62.3722
145.074
51.1056
92.5445
50.0599
42.5195
29.4952
29.1812
91.1074
37.0138
47.6348
147.102
64.5975
15.4182
54.8395
69.5973
59.8648
27.3037
75.4256
61.6227
205.164
87.057
58.6875
87.5408
48.8024
92.4367
81.9765
44.0633
112.801
28.5712
102.612
94.013
121.716
137.962
31.6943
41.1281
49.1363
56.6483
29.9894
29.6805
108.894
73.3913
36.9308
90.3342
53.6122
60.3721
41.2121
40.0081
63.6168
52.2914
62.7482
59.9781
56.135
34.3888
49.0579
37.7311
53.1166
46.1366
125.785
39.8045
93.3083
47.7842
55.8084
32.0496
33.0305
64.2955
54.7371
50.6442
141.61
30.7327
116.555
45.2499
60.5544
59.1181
99.9657
109.105
23.7803
56.3458
40.6975
66.1936
78.5538
33.5675
81.5353
20.0836
56.9742
73.4365
95.7728
63.9936
167.93
65.3851
62.6798
133.988
27.8553
47.8191
49.828
48.0533
49.8888
25.3914
46.0035
83.2511
42.8735
33.7571
51.0082
70.3237
49.1046
71.4301
63.7165
72.7689
49.8104
137.425
80.4782
52.1009
29.7858
43.2557
54.1438
174.726
71.03
70.521
40.4029
45.8085
84.0109
81.1334
81.3546
27.964
58.2737
35.8922
60.6014
87.0012
56.721
63.6017
129.496
29.3605
66.795
65.0211
65.156
66.6516
90.7941
28.6821
33.1954
60.3271
26.808
78.9141
137.004
39.2711
104.397
98.1939
66.1715
52.2285
47.7256
62.5554
28.573
106.902
159.996
47.0223
176.984
32.6397
46.9735
32.9457
25.2344
61.6573
33.7261
26.1531
154.837
68.4984
85.7402
91.5792
49.5582
129.189
63.4852
72.1722
72.6515
77.1131
44.0626
21.6433
50.405
57.8116
22.79
15.2323
73.2326
55.9891
46.9235
49.5742
45.2791
82.378
90.7519
112.528
55.6184
40.2599
196.637
75.4751
140.111
79.8079
62.9391
58.2276
61.9678
138.61
34.7265
196.077
148.631
82.4923
67.8894
25.919
42.3689
78.8102
108.709
62.0058
56.6365
59.2567
57.4189
51.1402
37.8568
203.828
36.1681
46.6064
75.7474
58.6032
66.8534
159.453
44.8231
98.7978
21.2571
60.4152
167.911
101.457
32.9188
72.4964
53.3613
78.2807
34.8788
58.2232
76.8641
39.2605
25.8125
123.531
49.5863
97.4379
69.8079
30.0815
63.5138
38.1419
22.0243
157.524
129.17
94.9124
88.9254
59.5934
113.706
73.1139
61.0523
43.6471
155.538
165.475
139.729
166.815
52.9711
30.2922
53.0789
42.4556
20.8569
125.326
31.5081
67.871
101.921
16.8099
54.7124
139.752
88.0089
73.6252
67.22
53.9112
45.0569
71.5114
31.1892
61.0586
78.2428
61.1085
107.349
30.1084
133.451
28.5441
77.4718
77.6931
50.8541
71.7996
92.078
124.557
127.025
49.3077
175.985
53.466
52.7148
53.2336
69.757
48.0696
149.003
82.1656
49.0269
40.1114
42.7878
106.662
52.7114
41.7215
62.1574
50.8242
106.956
106.215
51.7807
129.959
58.8206
98.4294
150.64
50.5852
45.788
36.9928
92.8382
70.5
123.997
41.3488
24.5349
51.1929
116.045
104.17
50.3262
30.084
50.4649
164.003
55.1201
30.2335
31.5376
91.4342
143.469
53.0275
61.6391
45.1052
60.6319
91.5189
62.2862
119.786
36.7638
26.5775
41.1144
77.9702
64.6401
62.6336
49.7143
50.9824
33.0809
195.584
70.7666
100.54
44.0553
45.4004
70.1118
54.4205
28.9839
109.863
65.5564
76.4647
110.473
67.3831
78.2421
121.65
47.7018
65.5489
47.9789
130.035
110.137
166.243
40.121
52.08
60.445
55.4441
28.9468
38.2531
128.412
101.203
142.395
67.9493
29.3816
26.2555
38.1568
48.4765
81.6003
136.516
56.6699
46.5737
46.2521
51.4254
28.4342
61.1312
121.737
82.131
41.1294
66.1341
50.6129
50.1685
100.077
54.2892
151.832
135.523
31.2827
23.7234
21.2598
62.8785
41.7302
58.2027
174.887
186.876
31.3961
46.9902
23.5961
48.6197
122.213
20.9362
58.5235
86.9893
54.8182
57.1635
62.7465
100.32
29.0716
34.8796
26.9949
179.973
54.4476
66.1313
39.5731
170.86
26.6645
58.0518
39.5547
56.5985
113.753
85.1799
48.9823
93.43
54.2157
102.194
37.4627
188.051
93.1916
97.3194
52.1961
65.7897
59.7432
77.1188
60.6984
41.5921
86.2403
28.2869
37.8623
25.0972
152.33
53.3589
44.0111
52.6863
33.3757
38.2962
124.751
84.0922
87.935
74.9903
106.121
62.8522
53.7584
69.8718
31.8299
113.891
46.2782
141.934
77.1666
32.4483
71.9804
75.2451
115.662
48.0913
50.0989
144.033
57.9603
120.316
56.2631
39.9422
148.248
33.5963
104.214
77.9229
37.6066
53.0258
29.178
57.1462
51.3727
34.8277
109.001
67.9001
63.0701
82.8357
89.6896
32.6579
25.4032
97.8649
51.7064
27.3125
45.4022
47.4562
122.88
49.5445
140.581
136.889
40.3568
34.3385
27.76
56.9544
59.1011
140.493
150.442
42.3142
35.8515
35.4568
76.5115
88.539
63.3308
58.2503
68.4667
39.0987
55.7498
68.4965
63.6683
130.064
30.393
116.085
110.543
34.4146
107.062
100.972
40.3326
54.0211
77.6268
44.4768
75.8437
130.537
80.9973
27.2754
48.1988
61.8119
25.4831
129.303
28.9451
93.9763
30.4024
107.917
49.5875
143.973
148.314
111.624
63.9112
36.8905
47.5771
79.5691
29.7785
24.928
60.4027
34.1493
99.8254
75.001
54.9819
69.0405
20.4808
103.147
46.2662
101.649
98.4807
51.8461
54.1194
65.0547
102.956
82.3879
44.3522
24.7106
83.0599
58.4497
92.73
27.9785
60.4437
96.4997
68.8739
49.0911
28.6305
74.7935
101.499
140.738
82.6076
86.6568
19.967
25.4142
49.3481
80.3483
76.3497
25.923
58.0207
105.222
72.8223
24.5361
98.6861
57.232
47.4732
49.9875
47.9856
51.7668
54.2435
112.88
84.9416
74.5981
33.1619
42.2879
46.668
110.002
118.847
71.6476
33.7226
29.565
27.607
59.6548
28.0335
35.6012
54.0715
108.074
69.3993
169.077
32.3331
61.0454
52.1938
22.5967
49.6934
117.795
203.453
22.7414
34.3392
97.5961
58.8455
47.6778
32.1859
16.75
32.3949
47.8955
80.5961
88.0216
76.04
72.8843
91.8034
30.4556
90.4599
128.825
67.814
91.4855
31.1671
123.09
50.815
46.1273
106.521
113.734
51.818
95.8778
63.3026
78.7822
76.9802
